10000000000000000000000000011101
10000000000000000000001110000001
00000000000000000001000000000010
10000000000000000000001100110001

10000000000000000000001100011000
10100000000000000000000000000010

11000000000000000000000000010010
00000000000000000000000000000001
11100000000000000000000000001111
11100000000000000000000000101001
11100000000000000000000001110110

10000000000000000000000100101101
10100000000000000000000000010011
00000000000000000000000000000011
11100000000000000000000000011100
11100000000000000000000000100110
11100000000000000000000001111100

10100000000000000000000000010011
00000000000000000000000000000011
11100000000000000000000000011100
11100000000000000000000000100110
11100000000000000000000001111100

11111111111111111111111111111111
